startTR	endTime	finger	weight	announce	BN	TN	meanV1	meanV2	meanV3	meanV4	meanV5	meanV6	meanV7	meanV8	meanV9	meanV10
  1	500	 1	   0	1	10	  1	-0.0056402	0.060158	-0.018023	-0.018064	0.018135	 0.12362	-0.017998	-0.017988	 -0.01814	0.00083747
  2	500	 1	 500	1	10	  2	-0.0055263	0.060341	-0.017887	-0.017922	0.018183	 0.11974	-0.017903	-0.017963	-0.018023	0.00098613
  3	500	 1	1000	1	10	  3	-0.0055548	 0.06025	-0.017969	-0.017979	0.018066	 0.12045	-0.017912	-0.018102	-0.018194	0.00079319
  4	500	 1	1500	1	10	  4	-0.0055738	0.060297	-0.017833	-0.017874	0.018129	 0.12012	-0.017947	-0.017995	-0.018036	0.00094501
  5	500	 1	2000	1	10	  5	-0.0056971	0.060215	 -0.01807	-0.017982	0.018025	 0.12031	-0.018051	-0.018083	-0.018124	0.00082482
  6	500	 2	   0	1	10	  6	-0.0054378	0.060332	-0.017897	-0.017846	0.018183	 0.12003	-0.017742	-0.017862	-0.017998	0.00097031
  7	500	 2	 500	1	10	  7	-0.0055927	0.060281	 -0.01802	-0.017982	0.017949	 0.12041	-0.017991	-0.018089	-0.018124	0.00082482
  8	500	 2	1000	1	10	  8	-0.0056813	 0.06024	-0.017957	-0.018077	0.017879	 0.11384	-0.018064	-0.018067	-0.018216	0.00076156
  9	500	 2	1500	1	10	  9	-0.0055833	0.060354	-0.017897	-0.017824	 0.01805	 0.11615	 -0.01796	 -0.01795	-0.018029	0.00098613
 10	500	 2	2000	1	10	 10	-0.0057224	0.060281	-0.018017	-0.017931	0.017936	 0.11652	-0.018077	-0.018077	-0.018127	0.00083114
 11	500	 3	   0	1	10	 11	-0.0055421	0.060436	-0.017833	-0.017779	0.018094	 0.11771	-0.017903	-0.017934	-0.017931	0.00099562
 12	500	 3	 500	1	10	 12	-0.0054567	0.060307	-0.018001	-0.017919	 0.01798	 0.11818	-0.018017	-0.018048	-0.018074	0.00086277
 13	500	 3	1000	1	10	 13	-0.0055611	0.060316	  -0.0179	-0.017893	0.018028	  0.1185	-0.017934	-0.017976	-0.018074	0.00091654
 14	500	 3	1500	1	10	 14	  -0.00552	 0.06036	-0.017906	-0.017884	0.017984	 0.11914	-0.017919	-0.018007	-0.018105	0.00084063
 15	500	 3	2000	1	10	 15	  -0.00552	0.060348	-0.017957	-0.017928	0.017955	 0.12125	-0.017922	-0.017947	-0.018045	0.00088175
 16	500	 4	   0	1	10	 16	-0.0056117	0.060335	-0.017969	-0.018001	0.018015	 0.12121	-0.017912	-0.017991	-0.018112	0.00094185
 17	500	 4	 500	1	10	 17	-0.0056465	0.060275	-0.017979	-0.018039	 0.01786	 0.12149	-0.017928	-0.017982	-0.018064	0.00080584
 18	500	 4	1000	1	10	 18	-0.0055611	0.060386	-0.017912	 -0.01789	0.017993	 0.12198	-0.017897	-0.017915	-0.017988	0.00099878
 19	500	 4	1500	1	10	 19	-0.0056434	0.060319	 -0.01801	-0.017982	0.017816	 0.12239	-0.017919	-0.018074	-0.018064	0.00085328
 20	500	 4	2000	1	10	 20	 -0.005637	0.060231	-0.017957	-0.017985	 0.01793	  0.1231	-0.017972	-0.017979	-0.018105	0.00085645
 21	500	 5	   0	1	10	 21	-0.0055516	0.060389	-0.017881	-0.017849	0.017974	  0.1234	-0.017862	-0.017938	-0.017985	 0.0010272
 22	500	 5	 500	1	10	 22	-0.0055295	0.060272	-0.018023	 -0.01801	0.017832	 0.12347	-0.018004	 -0.01807	-0.018165	0.00085961
 23	500	 5	1000	1	10	 23	-0.0055738	0.060351	 -0.01796	-0.017865	0.017898	 0.12389	-0.017893	-0.017941	-0.018099	0.00096399
 24	500	 5	1500	1	10	 24	-0.0056339	 0.06025	-0.018014	-0.017979	0.017788	 0.42596	-0.018014	-0.017991	-0.018099	0.00077421
 25	500	 5	2000	1	10	 25	-0.0057034	0.060253	-0.018007	-0.018007	0.017633	 0.12261	-0.018026	-0.018127	-0.018162	0.00081217
 26	500	 6	   0	1	10	 26	-0.0057382	0.060307	-0.018115	-0.018029	0.018534	 0.38088	-0.018077	-0.018051	 -0.01815	 0.0007837
 27	500	 6	 500	1	10	 27	-0.0057193	0.060101	-0.018327	-0.018333	0.017721	  4.4363	-0.018336	-0.018333	-0.018406	0.00059392
 28	500	 6	1000	1	10	 28	-0.0071647	0.058482	-0.018425	-0.018393	0.016348	  4.6354	-0.018399	-0.018425	-0.018605	 0.0004168
 29	500	 6	1500	1	10	 29	 -0.006529	0.057324	-0.018346	-0.018289	0.016307	  4.6355	-0.018314	 -0.01839	-0.018441	0.00059076
 30	500	 6	2000	1	10	 30	-0.0064531	0.057017	-0.018238	-0.018235	 0.01669	  4.6354	-0.018314	-0.018282	 -0.01832	0.00060025
 31	500	 7	   0	1	10	 31	-0.0053682	0.057628	-0.017767	-0.017833	0.015381	0.030854	-0.017757	-0.015385	-0.017944	  0.029067
 32	500	 7	 500	1	10	 32	-0.0067282	0.057897	-0.017922	-0.017982	0.014068	0.031502	   1.2597	-0.015607	-0.018083	  0.028829
 33	500	 7	1000	1	10	 33	-0.0068484	0.057558	-0.018187	-0.018219	 0.01385	0.031894	   2.4993	-0.015515	-0.018232	  0.029035
 34	500	 7	1500	1	10	 34	-0.0070477	0.057577	-0.018422	-0.018368	0.015311	0.029762	   3.8515	-0.016053	-0.018469	   0.02924
 35	500	 7	2000	1	10	 35	-0.0069781	0.057473	-0.018406	-0.018428	0.014827	0.029617	   4.6381	-0.016287	-0.018535	  0.028908
 36	500	 8	   0	1	10	 36	-0.0069022	0.057628	-0.017922	-0.017991	0.015302	0.028965	-0.017931	 0.056223	-0.018055	  0.028861
 37	500	 8	 500	1	10	 37	-0.0067757	0.057735	-0.017976	-0.017941	0.015956	0.029108	-0.017972	   1.6987	-0.018023	  0.024705
 38	500	 8	1000	1	10	 38	-0.0069813	0.059361	-0.018169	-0.018121	0.016494	0.029927	-0.018175	   2.3427	-0.018314	  0.022684
 39	500	 8	1500	1	10	 39	-0.0067093	0.056638	-0.018333	-0.018244	0.015991	 0.02993	-0.018352	   4.1666	-0.018384	  0.019739
 40	500	 8	2000	1	10	 40	-0.0067947	0.059143	-0.018298	-0.018361	0.012569	0.029895	-0.018387	    4.633	-0.018428	  0.019546
 41	500	 9	   0	1	10	 41	-0.0058774	0.057163	 -0.01784	-0.017859	0.016949	0.029203	-0.017824	-0.015309	-0.017283	  0.029377
 42	500	 9	 500	1	10	 42	-0.0058964	0.057125	 -0.01789	-0.017925	0.017003	0.029149	-0.017855	0.0058634	  0.72059	   0.02702
 43	500	 9	1000	1	10	 43	-0.0061652	0.056916	-0.018143	-0.018026	0.016516	0.029196	-0.018048	0.0014226	    1.636	  0.023756
 44	500	 9	1500	1	10	 44	-0.0067251	0.055588	-0.018194	-0.018143	0.013995	0.028972	-0.018184	 -0.01549	   2.6552	  0.021567
 45	500	 9	2000	1	10	 45	-0.0068769	0.055461	-0.018295	-0.018235	0.014153	0.028877	-0.018235	-0.016018	   3.2757	  0.020435
 46	500	10	   0	1	10	 46	-0.0065827	0.057327	-0.017931	-0.017915	0.014422	0.029168	-0.017919	-0.015626	-0.018033	  0.071342
 47	500	10	 500	1	10	 47	-0.0067504	 0.05703	-0.018156	-0.018153	0.014096	0.028953	-0.018169	-0.015879	 -0.01832	    1.2192
 48	500	10	1000	1	10	 48	-0.0070825	 0.05623	-0.018558	-0.018589	0.012167	0.028731	 -0.01858	 -0.01604	-0.018763	    3.4105
 49	500	10	1500	1	10	 49	-0.0070509	0.055363	-0.018893	-0.018861	0.012505	0.028738	-0.018883	-0.016002	-0.018991	    4.4012
 50	500	10	2000	1	10	 50	-0.0069054	  0.0558	-0.018788	-0.018722	0.012423	0.028529	-0.018757	-0.016312	-0.018931	    4.6301
 51	500	 1	   0	1	10	 51	 -0.006064	0.056739	-0.017719	-0.017729	0.013682	0.029329	-0.017707	-0.015268	-0.017855	  0.072025
 52	500	 1	 500	1	10	 52	 -0.006102	0.056638	-0.017868	-0.017884	0.013549	0.029237	-0.017814	-0.015429	-0.018004	  0.071959
 53	500	 1	1000	1	10	 53	-0.0062032	0.056514	-0.017903	-0.017855	0.013565	0.029206	-0.017915	-0.015426	-0.018048	  0.071994
 54	500	 1	1500	1	10	 54	-0.0060134	0.056587	-0.017824	-0.017817	0.013606	0.029345	-0.017798	-0.015316	-0.017922	  0.072057
 55	500	 1	2000	1	10	 55	 -0.006102	0.056543	-0.017906	-0.017849	0.013492	0.029231	-0.017909	-0.015347	-0.017976	  0.072006
 56	500	 2	   0	1	10	 56	-0.0061273	0.056555	-0.017846	 -0.01783	0.013521	0.029209	-0.017887	-0.015357	-0.018004	   0.07218
 57	500	 2	 500	1	10	 57	-0.0061304	0.056511	-0.017865	-0.017821	0.013575	0.029263	-0.017827	-0.015243	-0.017985	  0.072101
 58	500	 2	1000	1	10	 58	-0.0059944	0.056685	-0.017681	-0.017802	0.013609	0.029253	-0.017789	-0.015157	-0.017862	  0.072117
 59	500	 2	1500	1	10	 59	-0.0062285	0.056508	 -0.01795	-0.017868	0.013499	0.029209	-0.017903	-0.015322	-0.018039	  0.071937
 60	500	 2	2000	1	10	 60	-0.0060703	0.056546	-0.017798	-0.017792	0.013695	0.029297	-0.017789	-0.015227	-0.017982	  0.072076
 61	500	 3	   0	1	10	 61	-0.0061399	0.056442	-0.017925	-0.017941	0.013578	0.029174	 -0.01796	-0.015278	-0.018048	   0.07194
 62	500	 3	 500	1	10	 62	-0.0060577	0.056691	-0.017808	-0.017773	0.013761	0.029266	-0.017754	-0.015157	-0.017855	  0.071997
 63	500	 3	1000	1	10	 63	-0.0062253	0.056508	 -0.01795	-0.017912	0.013682	0.029161	-0.017963	-0.015287	-0.018039	  0.071826
 64	500	 3	1500	1	10	 64	-0.0061083	 0.05654	-0.017833	-0.017824	0.013714	0.029266	-0.017808	-0.015195	-0.017982	  0.071987
 65	500	 3	2000	1	10	 65	-0.0059976	  0.0566	-0.017738	-0.017764	0.013786	0.029282	-0.017742	-0.015129	-0.017852	  0.072019
 66	500	 4	   0	1	10	 66	-0.0061146	0.056435	-0.017963	-0.017928	0.013714	0.029177	-0.017852	-0.015255	-0.018083	  0.071779
 67	500	 4	 500	1	10	 67	-0.0061431	0.056467	-0.017836	-0.017897	0.013701	0.029237	-0.017855	-0.015126	 -0.01796	  0.071826
 68	500	 4	1000	1	10	 68	-0.0060735	0.056635	-0.017811	-0.017767	0.013796	 0.02924	-0.017754	-0.015037	-0.017843	  0.071902
 69	500	 4	1500	1	10	 69	-0.0061494	0.056423	-0.017903	-0.017941	0.013445	0.029152	-0.017868	-0.015176	 -0.01802	  0.071643
 70	500	 4	2000	1	10	 70	-0.0059849	0.056587	-0.017795	-0.017748	0.014818	0.029332	-0.017779	-0.015056	-0.017887	  0.071668
 71	500	 5	   0	1	10	 71	-0.0061463	  0.0564	-0.017909	-0.017934	 0.01459	0.029098	 -0.01795	 -0.01524	-0.018055	  0.071545
 72	500	 5	 500	1	10	 72	-0.0059849	0.056486	-0.017843	-0.017795	0.014599	0.029209	-0.017878	-0.015097	-0.017991	  0.071643
 73	500	 5	1000	1	10	 73	-0.0061399	0.056464	-0.017912	-0.017833	0.014656	0.029259	 -0.01789	-0.015063	-0.017941	  0.071627
 74	500	 5	1500	1	10	 74	-0.0060957	0.056514	-0.017903	-0.017859	0.014517	0.029218	-0.017925	-0.015113	-0.018036	  0.071472
 75	500	 5	2000	1	10	 75	-0.0061083	0.056432	-0.017941	-0.017846	 0.01452	0.029158	-0.017912	-0.015037	 -0.01802	  0.071374
 76	500	 6	   0	1	10	 76	-0.0060798	0.056344	  -0.0179	-0.017941	0.014625	0.029168	-0.017934	-0.015085	-0.018048	  0.071225
 77	500	 6	 500	1	10	 77	-0.0059059	0.056631	-0.017754	-0.017754	0.014862	0.029316	-0.017723	-0.014885	-0.017887	  0.071421
 78	500	 6	1000	1	10	 78	-0.0059786	0.056473	-0.017881	 -0.01784	0.014833	0.029253	-0.017881	-0.015056	-0.018029	   0.07114
 79	500	 6	1500	1	10	 79	 -0.006064	0.056337	-0.017922	-0.017982	0.014757	0.029187	-0.017884	 -0.01504	-0.018026	  0.071023
 80	500	 6	2000	1	10	 80	 -0.005947	 0.05653	-0.017792	-0.017773	0.014878	0.029231	-0.017865	-0.014955	  -0.0179	  0.071029
 81	500	 7	   0	1	10	 81	-0.0060957	0.056363	-0.017953	-0.017941	0.014682	0.029076	-0.017925	-0.015082	-0.018055	   0.07095
 82	500	 7	 500	1	10	 82	 -0.005928	0.056571	-0.017723	-0.017776	0.014928	0.029269	-0.017776	-0.014923	-0.017998	  0.070925
 83	500	 7	1000	1	10	 83	-0.0059976	0.056419	 -0.01784	-0.017836	0.014928	0.029174	-0.017824	-0.014873	-0.017988	  0.070833
 84	500	 7	1500	1	10	 84	-0.0061178	0.056429	-0.017988	-0.017969	0.014789	0.029095	-0.017957	-0.015072	-0.018029	  0.070668
 85	500	 7	2000	1	10	 85	-0.0059881	 0.05653	-0.017925	-0.017868	 0.01483	0.029225	-0.017827	-0.014971	-0.017976	  0.070637
 86	500	 8	   0	1	10	 86	 -0.006083	0.056489	-0.017912	-0.017903	0.014773	0.029168	-0.017874	-0.014999	-0.018048	  0.070602
 87	500	 8	 500	1	10	 87	-0.0061146	 0.05647	-0.017887	-0.017874	0.014697	0.029275	-0.017906	-0.014933	-0.017985	  0.070346
 88	500	 8	1000	1	10	 88	-0.0058869	0.056603	-0.017745	-0.017757	0.014799	0.029339	-0.017713	 -0.01473	-0.017897	  0.070412
 89	500	 8	1500	1	10	 89	-0.0059849	0.056448	-0.017821	-0.017827	 0.01464	0.029253	-0.017833	-0.014889	-0.018048	  0.070387
 90	500	 8	2000	1	10	 90	-0.0060767	0.056483	-0.017909	-0.017827	0.014615	0.029196	-0.017944	-0.014844	-0.018036	   0.18025
 91	500	 9	   0	1	10	 91	-0.0061431	0.056306	-0.018045	-0.017988	0.014381	0.029076	-0.018055	-0.014835	 -0.01821	    1.1919
 92	500	 9	 500	1	10	 92	 -0.006102	0.056413	-0.017919	-0.017836	0.014457	0.029209	-0.017884	-0.014964	-0.017972	  0.021314
 93	500	 9	1000	1	10	 93	-0.0061304	0.056356	-0.017792	-0.017751	0.013745	0.029275	-0.017707	-0.014898	-0.017928	  0.021476
 94	500	 9	1500	1	10	 94	-0.0059786	0.056565	-0.017808	-0.017811	0.014852	0.029215	-0.017817	 -0.01492	-0.017953	  0.021273
 95	500	 9	2000	1	10	 95	-0.0062032	0.056388	-0.017903	-0.017979	0.014751	0.029127	-0.017865	-0.015025	-0.018039	  0.021204
 96	500	10	   0	1	10	 96	-0.0060134	0.056495	-0.017814	-0.017824	0.014754	0.029228	-0.017748	-0.014876	-0.017919	  0.021289
 97	500	10	 500	1	10	 97	-0.0060577	0.056489	-0.017909	-0.017833	0.014615	0.029155	-0.017906	-0.014936	-0.018045	  0.021166
 98	500	10	1000	1	10	 98	-0.0061842	0.056385	-0.018001	-0.017947	0.014546	0.029149	-0.017941	-0.015031	 -0.01808	  0.020973
 99	500	10	1500	1	10	 99	 -0.006045	0.056574	-0.017852	 -0.01783	0.014729	0.029351	-0.017836	-0.014857	-0.017871	  0.021058
100	500	10	2000	1	10	100	-0.0061652	 0.05641	-0.017893	-0.017941	0.014511	0.029142	-0.017903	-0.014933	-0.018004	  0.020925
101	500	 1	   0	1	10	101	 -0.005947	0.056565	-0.017719	-0.017748	0.014669	0.029329	-0.017754	-0.014819	-0.017827	  0.020954
102	500	 1	 500	1	10	102	-0.0061368	0.056388	-0.017947	-0.017957	0.014492	0.029177	-0.017871	-0.014895	 -0.01807	  0.020761
103	500	 1	1000	1	10	103	-0.0060134	0.056543	-0.017808	-0.017849	0.014628	0.029364	-0.017729	-0.014873	-0.017906	  0.020938
104	500	 1	1500	1	10	104	-0.0060798	0.056508	-0.017827	-0.017878	0.014498	0.029275	-0.017912	-0.014873	-0.017976	  0.020669
105	500	 1	2000	1	10	105	-0.0059786	0.056578	-0.017821	-0.017786	0.014688	0.029253	-0.017846	-0.014806	-0.017938	  0.020732
106	500	 2	   0	1	10	106	-0.0060672	0.056533	 -0.01784	-0.017808	0.014675	0.029253	-0.017808	-0.014847	-0.017938	  0.020767
107	500	 2	 500	1	10	107	-0.0060261	0.056416	-0.017855	-0.017874	0.014625	0.029206	-0.017808	-0.014854	-0.018004	  0.020685
108	500	 2	1000	1	10	108	-0.0061051	0.056423	-0.017909	-0.017862	0.014621	0.029234	-0.017903	-0.014847	 -0.01808	  0.020669
109	500	 2	1500	1	10	109	-0.0059723	0.056467	-0.017789	-0.017821	0.014742	0.029332	-0.017827	-0.014772	-0.017985	  0.020669
110	500	 2	2000	1	10	110	-0.0060419	0.056483	-0.017843	-0.017903	0.014691	 0.02918	  -0.0179	-0.014794	-0.018036	  0.020682
111	500	 3	   0	1	10	111	-0.0060419	0.056413	-0.017843	 -0.01783	0.014637	0.029278	 -0.01783	-0.014819	-0.017988	  0.020647
112	500	 3	 500	1	10	112	-0.0060008	0.056451	-0.017859	-0.017934	 0.01458	0.029301	-0.017906	-0.014822	-0.018004	  0.020625
113	500	 3	1000	1	10	113	 -0.005909	0.056549	 -0.01783	  -0.0177	0.014754	0.029351	-0.017697	-0.014623	-0.017855	  0.020824
114	500	 3	1500	1	10	114	-0.0060735	0.056394	-0.017925	-0.017862	0.014675	0.029263	-0.017836	-0.014734	-0.017963	  0.020713
115	500	 3	2000	1	10	115	-0.0060767	0.056378	-0.017881	-0.017881	0.014599	0.029237	-0.017865	-0.014724	-0.018033	  0.020663
116	500	 4	   0	1	10	116	 -0.006121	 0.05641	-0.017934	-0.017934	0.014666	0.029127	 -0.01795	-0.014835	-0.018105	  0.020533
117	500	 4	 500	1	10	117	-0.0059122	0.056451	-0.017783	-0.017723	0.014843	0.029348	-0.017779	-0.014632	 -0.01789	  0.020729
118	500	 4	1000	1	10	118	-0.0059154	0.056559	-0.017757	-0.017843	0.014878	0.029326	-0.017748	-0.014632	-0.017887	  0.020732
119	500	 4	1500	1	10	119	-0.0060862	0.056442	-0.017922	-0.017849	0.014716	0.029253	-0.017909	-0.014806	-0.018026	   0.02059
120	500	 4	2000	1	10	120	-0.0061083	0.056372	-0.017941	-0.017884	0.014669	0.029199	-0.017972	-0.014809	-0.018105	  0.020606
121	500	 5	   0	1	10	121	 -0.006045	0.056445	-0.017884	-0.017868	 0.01471	 0.02925	-0.017859	-0.014711	-0.018023	  0.020697
122	500	 5	 500	1	10	122	-0.0060008	0.056426	-0.017865	-0.017805	0.014792	0.029282	-0.017814	-0.014667	-0.017909	  0.020748
123	500	 5	1000	1	10	123	-0.0060672	0.056366	-0.017852	-0.017859	0.014694	 0.02925	-0.017868	-0.014753	-0.017963	   0.02071
124	500	 5	1500	1	10	124	-0.0061241	 0.05622	-0.017833	-0.017941	0.014577	0.029177	 -0.01783	-0.014765	-0.017995	  0.020634
125	500	 5	2000	1	10	125	-0.0060545	0.056508	-0.017836	-0.017786	0.014707	 0.02931	-0.017811	-0.014699	-0.017957	   0.02065
126	500	 6	   0	1	10	126	-0.0060071	0.056413	-0.017666	-0.017802	0.014773	0.029354	-0.017786	 -0.01467	-0.017903	  0.020707
127	500	 6	 500	1	10	127	-0.0060229	0.056451	-0.017855	-0.017871	0.014792	0.029291	 -0.01783	-0.014762	-0.017976	  0.020805
128	500	 6	1000	1	10	128	-0.0061083	0.056385	-0.017909	 -0.01789	0.014723	0.029215	-0.017859	  -0.0148	 -0.01802	  0.020568
129	500	 6	1500	1	10	129	-0.0060893	0.056321	-0.017957	  -0.0179	0.014697	0.029146	-0.017941	-0.014832	-0.018067	  0.020615
130	500	 6	2000	1	10	130	-0.0060703	0.056296	-0.017966	-0.017881	0.014761	0.029237	-0.017906	-0.014759	-0.018042	  0.020596
131	500	 7	   0	1	10	131	-0.0058932	0.056549	-0.017738	-0.017754	0.014859	0.029437	-0.017745	-0.014591	-0.017843	  0.020713
132	500	 7	 500	1	10	132	-0.0059849	  0.0564	-0.017814	-0.017798	 0.01489	0.029285	-0.017792	-0.014715	-0.017963	  0.020735
133	500	 7	1000	1	10	133	-0.0061083	0.056382	-0.017878	-0.017887	0.014856	0.029203	-0.017855	-0.014809	-0.018045	  0.020748
134	500	 7	1500	1	10	134	-0.0061368	0.056353	-0.017912	-0.017931	0.014757	0.029206	-0.017934	-0.014809	-0.018099	  0.020552
135	500	 7	2000	1	10	135	-0.0060925	 0.05641	-0.017881	-0.017884	0.014776	0.029269	-0.017865	-0.014753	-0.018017	  0.020678
136	500	 8	   0	1	10	136	-0.0059786	0.056473	-0.017798	-0.017821	0.014837	0.029323	-0.017817	-0.014734	-0.017919	   0.02077
137	500	 8	 500	1	10	137	-0.0059818	0.056454	-0.017868	-0.017824	 0.01483	0.029313	 -0.01783	-0.014667	-0.017947	  0.020754
138	500	 8	1000	1	10	138	-0.0060545	0.056271	-0.017846	-0.017859	0.014808	0.029266	-0.017871	-0.014797	-0.017988	   0.02072
139	500	 8	1500	1	10	139	-0.0059438	0.056473	-0.017779	-0.017748	0.014837	0.029383	-0.017846	 -0.01467	-0.017852	  0.020944
140	500	 8	2000	1	10	140	 -0.006064	0.056328	  -0.0179	 -0.01789	0.014726	0.029253	-0.017817	 -0.01487	-0.018017	  0.020678
141	500	 9	   0	1	10	141	-0.0061905	0.056306	-0.017957	 -0.01795	0.014707	0.029184	-0.017928	-0.014873	-0.018112	  0.020539
142	500	 9	 500	1	10	142	-0.0059881	0.056457	-0.017776	-0.017719	0.014893	0.029395	-0.017779	-0.014715	-0.017897	  0.020818
143	500	 9	1000	1	10	143	-0.0060514	0.056438	-0.017821	-0.017817	0.014776	0.029313	-0.017792	-0.014762	 -0.01796	   0.02077
144	500	 9	1500	1	10	144	-0.0060482	0.056325	-0.017909	-0.017881	0.014751	0.029266	-0.017878	-0.014753	-0.017957	  0.020599
145	500	 9	2000	1	10	145	 -0.006102	0.056246	-0.018036	-0.017998	0.014612	0.029225	-0.017976	-0.014866	-0.018102	  0.020539
146	500	10	   0	1	10	146	-0.0060514	0.056353	-0.017912	 -0.01783	0.014716	0.029222	-0.017843	-0.014797	-0.017988	  0.020675
147	500	10	 500	1	10	147	-0.0059818	0.056369	-0.017817	-0.017821	0.014716	0.029307	-0.017821	-0.014734	-0.017928	  0.020754
148	500	10	1000	1	10	148	-0.0061178	0.056302	-0.017878	-0.017862	0.014634	0.029244	-0.017824	-0.014803	-0.018039	  0.020653
149	500	10	1500	1	10	149	-0.0060071	0.056413	-0.017808	-0.017798	0.014644	0.029361	-0.017729	-0.014686	-0.017878	  0.020742
150	500	10	2000	1	10	150	-0.0060134	0.056337	-0.017871	-0.017852	0.014606	0.029247	-0.017887	-0.014772	-0.017998	  0.020647
151	500	 1	   0	1	10	151	-0.0062222	0.056312	-0.017957	-0.017922	0.014485	0.029278	-0.017953	-0.014885	-0.018058	  0.020644
152	500	 1	 500	1	10	152	-0.0059755	0.056476	 -0.01784	-0.017821	0.014508	0.029361	-0.017814	-0.014822	-0.017947	  0.020691
153	500	 1	1000	1	10	153	 -0.005947	 0.05647	-0.017776	-0.017779	0.014969	0.029449	-0.017732	-0.014683	-0.017817	  0.020811
154	500	 1	1500	1	10	154	 -0.006045	 0.05634	-0.017792	-0.017821	0.014761	0.029294	-0.017862	-0.014787	-0.018004	  0.020666
155	500	 1	2000	1	10	155	-0.0062728	 0.05617	-0.017991	-0.017976	0.014489	0.029133	-0.018004	 -0.01492	-0.018131	  0.020618
156	500	 2	   0	1	10	156	-0.0061684	0.056268	-0.017928	-0.017953	 0.01452	0.029222	-0.017928	-0.014828	-0.018042	  0.020663
157	500	 2	 500	1	10	157	-0.0060419	0.056321	 -0.01783	-0.017881	0.014568	0.029225	-0.017893	-0.014765	-0.018001	  0.020783
158	500	 2	1000	1	10	158	-0.0060703	0.056309	-0.017833	-0.017817	 0.01453	0.029329	-0.017852	-0.014756	-0.017985	  0.020862
159	500	 2	1500	1	10	159	-0.0061747	0.056239	-0.017934	-0.017906	 0.01447	0.029165	-0.017931	-0.014885	-0.018089	   0.02078
160	500	 2	2000	1	10	160	-0.0061747	0.056277	-0.017903	-0.017874	0.014441	 0.02918	-0.017957	-0.014841	-0.018074	  0.020726
161	500	 3	   0	1	10	161	-0.0060356	  0.0564	-0.017779	-0.017776	0.014612	0.029345	-0.017748	-0.014724	-0.017906	  0.020928
162	500	 3	 500	1	10	162	-0.0060356	 0.05634	-0.017824	-0.017786	0.014609	0.029446	-0.017792	-0.014784	 -0.01795	  0.020871
163	500	 3	1000	1	10	163	-0.0060957	0.056296	-0.017836	-0.017808	0.014549	0.029297	-0.017881	-0.014784	-0.018029	  0.020824
164	500	 3	1500	1	10	164	-0.0061178	0.056321	-0.017843	-0.017906	 0.01453	0.029329	-0.017887	-0.014759	-0.018029	  0.020754
165	500	 3	2000	1	10	165	-0.0060672	0.056299	-0.017865	-0.017767	0.014539	0.029345	-0.017821	-0.014743	-0.017988	   0.02084
166	500	 4	   0	1	10	166	-0.0061336	0.056306	 -0.01783	-0.017846	 0.01452	0.029269	-0.017934	-0.014835	-0.017982	  0.020821
167	500	 4	 500	1	10	167	-0.0062728	0.056147	-0.017963	-0.017988	 0.01441	0.029237	-0.017928	-0.014851	 -0.01808	  0.020682
168	500	 4	1000	1	10	168	-0.0061368	0.056255	-0.017884	-0.017878	0.014498	0.029285	-0.017868	-0.014778	-0.018074	  0.020745
169	500	 4	1500	1	10	169	-0.0060482	0.056337	-0.017836	-0.017811	0.014523	0.029351	-0.017855	-0.014715	-0.017919	  0.020856
170	500	 4	2000	1	10	170	-0.0060356	0.056366	-0.017843	-0.017824	0.014539	0.029421	-0.017843	-0.014683	-0.017887	  0.020919
171	500	 5	   0	1	10	171	-0.0060356	0.056189	-0.017919	-0.017811	 0.01447	0.029339	-0.017849	-0.014772	-0.018014	  0.020789
172	500	 5	 500	1	10	172	-0.0060672	0.056214	-0.017859	-0.017833	0.014441	0.029291	 -0.01784	-0.014772	-0.017985	  0.020827
173	500	 5	1000	1	10	173	-0.0061304	0.056258	-0.017957	 -0.01796	0.014523	0.029259	-0.017874	-0.014727	-0.018017	   0.02072
174	500	 5	1500	1	10	174	-0.0059849	0.056372	-0.017776	-0.017783	0.014514	0.029437	-0.017751	-0.014645	-0.017922	  0.020824
175	500	 5	2000	1	10	175	-0.0060703	0.056211	-0.017836	-0.017846	0.014438	0.029339	-0.017922	-0.014705	-0.017998	  0.020773
176	500	 6	   0	1	10	176	-0.0060893	0.056287	-0.017865	-0.017833	0.014492	0.029373	-0.017773	-0.014708	-0.017878	   0.02083
177	500	 6	 500	1	10	177	-0.0060419	0.056258	-0.017862	-0.017824	0.014473	0.029386	-0.017878	-0.014673	-0.017919	   0.02084
178	500	 6	1000	1	10	178	-0.0060482	0.056277	-0.017789	 -0.01777	0.014448	0.029449	-0.017827	-0.014642	-0.017893	  0.020735
179	500	 6	1500	1	10	179	-0.0059628	0.056353	-0.017726	-0.017729	0.014495	0.029481	-0.017735	-0.014636	-0.017862	  0.020789
180	500	 6	2000	1	10	180	-0.0060229	0.056321	-0.017786	-0.017776	0.014571	0.029443	-0.017745	-0.014636	-0.017881	  0.020814
181	500	 7	   0	1	10	181	-0.0060767	0.056242	-0.017887	-0.017843	0.014587	 0.02937	 -0.01784	-0.014711	-0.017922	  0.020786
182	500	 7	 500	1	10	182	-0.0061336	0.056211	-0.017912	-0.017865	0.014574	 0.02931	-0.017919	-0.014772	-0.018029	  0.020688
183	500	 7	1000	1	10	183	-0.0061969	0.056147	-0.017944	-0.017953	 0.01446	 0.02931	-0.018001	-0.014791	-0.018064	  0.020622
184	500	 7	1500	1	10	184	-0.0061146	0.056296	 -0.01789	-0.017931	0.014574	0.029354	-0.017874	-0.014667	-0.017976	  0.020808
185	500	 7	2000	1	10	185	-0.0061178	0.056214	-0.017836	-0.017836	0.014609	0.029433	-0.017897	-0.014642	-0.017925	  0.020887
186	500	 8	   0	1	10	186	-0.0060957	0.057074	-0.017887	-0.017928	0.015618	0.029323	-0.017928	-0.014724	-0.018089	  0.020615
187	500	 8	 500	1	10	187	 -0.006064	 0.05709	-0.017865	-0.017862	0.015605	0.029424	-0.017874	-0.014667	-0.017966	  0.020761
188	500	 8	1000	1	10	188	-0.0060134	  0.0571	-0.017871	 -0.01777	0.015649	0.029351	-0.017808	-0.014648	-0.017912	  0.020713
189	500	 8	1500	1	10	189	-0.0060609	 0.05703	-0.017988	-0.017881	0.015558	 0.02938	-0.017915	-0.014673	-0.018033	  0.020688
190	500	 8	2000	1	10	190	 -0.006121	0.057005	 -0.01789	-0.017881	0.015586	0.029389	-0.017887	-0.014639	-0.018055	  0.020599
191	500	 9	   0	1	10	191	-0.0060798	0.057084	-0.017833	-0.017887	0.015681	0.029361	-0.017874	-0.014632	-0.017976	  0.020786
192	500	 9	 500	1	10	192	-0.0060419	0.057058	-0.017868	-0.017817	0.015659	 0.02937	-0.017811	-0.014575	-0.017947	  0.020678
193	500	 9	1000	1	10	193	 -0.005928	0.057103	-0.017738	-0.017776	0.015713	0.029465	-0.017713	-0.014509	 -0.01783	  0.020852
194	500	 9	1500	1	10	194	-0.0060419	0.057014	-0.017821	 -0.01783	0.015627	0.029411	-0.017874	 -0.01449	-0.017957	  0.020732
195	500	 9	2000	1	10	195	-0.0058964	0.057239	-0.017659	-0.017691	0.015751	0.029592	-0.017599	-0.014357	-0.017735	  0.020875
196	500	10	   0	1	10	196	-0.0062158	0.056856	 -0.01801	-0.017963	 0.01545	0.029272	-0.017966	-0.014689	-0.018121	  0.020542
197	500	10	 500	1	10	197	-0.0061399	0.056957	-0.017985	-0.017868	 0.01551	0.029332	-0.017878	-0.014623	-0.018051	  0.020637
198	500	10	1000	1	10	198	 -0.006083	0.057062	-0.017912	-0.017915	0.015599	0.029414	  -0.0179	-0.014579	-0.018023	  0.020742
199	500	10	1500	1	10	199	-0.0059786	0.057103	  -0.0177	-0.017802	0.015646	0.029462	-0.017754	-0.014468	-0.017909	  0.020754
200	500	10	2000	1	10	200	-0.0061336	0.057017	-0.017944	-0.017925	0.015545	0.029345	-0.017897	-0.014632	-0.018001	  0.020707
